#Clock	Room0	Room1	Room2	Room3	
1	0	0	0	0	
2	0	0	0	0	
3	0	0	0	0	
4	0	0	0	0	
5	0	0	0	0	
6	0	0	0	0	
7	0	0	0	0	
8	0	0	0	0	
9	0	0	0	0	
10	0	0	0	0	
11	0	0	0	0	
12	0	0	0	0	
13	0	0	0	0	
14	0	0	0	0	
15	0	0	0	0	
16	0	0	0	0	
17	0	0	0	0	
18	0	0	0	0	
19	0	0	0	0	
20	0	0	0	0	
21	0	0	0	0	
22	0	0	0	0	
23	0	0	0	0	
24	0	0	0	0	
25	0	0	0	0	
26	0	0	0	0	
27	0	0	0	0	
28	0	0	0	0	
29	0	0	0	0	
30	0	0	0	0	
31	0	0	0	0	
32	0	0	1	0	
33	0	0	1	0	
34	0	0	1	0	
35	0	0	1	0	
36	0	0	1	0	
37	0	0	1	0	
38	0	0	1	0	
39	0	0	1	0	
40	0	0	1	0	
41	0	0	1	0	
42	0	0	1	0	
43	0	0	1	0	
44	0	0	1	0	
45	0	0	1	0	
46	0	0	1	0	
47	0	0	1	0	
48	0	0	1	0	
49	0	0	1	0	
50	0	0	1	0	
51	0	0	1	0	
52	0	0	2	0	
53	1	0	2	1	
54	1	0	2	1	
55	1	0	2	1	
56	1	0	2	1	
57	1	0	2	1	
58	1	0	2	1	
59	1	0	2	1	
60	1	0	3	1	
61	1	0	3	1	
62	1	0	3	1	
63	1	0	3	1	
64	1	1	3	1	
65	1	2	3	1	
66	1	2	3	1	
67	1	2	3	1	
68	2	2	3	1	
69	2	2	3	1	
70	2	2	3	1	
71	2	2	3	1	
72	2	2	3	1	
73	2	2	3	1	
74	2	2	3	1	
75	2	2	3	1	
76	2	2	3	1	
77	2	2	3	1	
78	2	2	4	1	
79	2	2	4	2	
80	2	2	4	2	
81	2	2	4	2	
82	2	2	4	2	
83	2	2	4	2	
84	2	2	4	2	
85	2	2	4	2	
86	2	2	4	2	
87	2	2	5	2	
88	2	2	5	2	
89	2	2	5	2	
90	2	2	5	2	
91	2	2	5	2	
92	3	2	5	2	
93	3	2	5	2	
94	3	2	5	2	
95	3	2	5	2	
96	3	2	5	2	
97	3	2	5	2	
98	4	2	5	2	
99	4	2	5	2	
100	4	2	5	3	
101	4	2	5	3	
102	4	3	5	3	
103	4	3	5	3	
104	4	3	5	3	
105	4	3	5	3	
106	4	3	5	3	
107	4	3	5	3	
108	4	3	5	4	
109	4	3	5	4	
110	4	3	5	4	
111	4	3	5	4	
112	4	4	5	4	
113	4	5	5	5	
114	4	5	6	5	
115	4	5	6	5	
116	4	5	6	5	
117	4	5	6	5	
118	4	5	6	5	
119	4	5	6	5	
120	3	5	6	5	
121	3	5	6	5	
122	3	5	6	5	
123	3	5	6	5	
124	3	5	6	5	
125	3	5	6	5	
126	3	5	6	5	
127	3	5	6	5	
128	3	5	6	6	
129	3	5	6	6	
130	3	5	6	6	
131	3	5	6	6	
132	4	6	6	6	
133	4	6	6	6	
134	4	6	6	6	
135	4	6	6	6	
136	4	7	6	6	
137	4	7	6	6	
138	4	7	6	6	
139	4	7	6	8	
140	5	7	6	8	
141	5	7	6	8	
142	5	7	6	8	
143	5	7	6	8	
144	5	8	6	8	
145	5	8	6	8	
146	5	8	6	8	
147	5	8	6	8	
148	5	8	6	8	
149	5	8	6	8	
150	5	8	6	8	
151	5	8	6	8	
152	5	8	6	8	
153	5	8	6	8	
154	5	8	6	8	
155	5	8	6	8	
156	5	8	6	8	
157	5	8	6	8	
158	5	8	6	8	
159	5	8	6	8	
160	5	8	6	8	
161	5	8	6	8	
162	5	8	6	8	
163	5	8	6	8	
164	5	8	6	8	
165	5	8	6	8	
166	5	8	6	8	
167	5	8	6	8	
168	5	8	6	8	
169	5	8	6	8	
170	5	8	5	8	
171	5	8	5	8	
172	5	8	5	8	
173	5	8	5	8	
174	5	8	4	8	
175	6	8	4	8	
176	6	8	4	8	
177	6	8	4	8	
178	6	8	4	8	
179	6	8	4	8	
180	6	8	4	8	
181	6	8	4	8	
182	6	8	4	8	
183	6	8	3	7	
184	6	8	3	7	
185	6	8	3	7	
186	6	8	3	7	
187	6	8	3	7	
188	6	8	2	7	
189	6	8	2	7	
190	6	9	2	7	
191	6	9	2	7	
192	6	9	2	7	
193	6	9	2	7	
194	6	9	2	7	
195	6	9	2	7	
196	6	9	2	7	
197	6	9	2	7	
198	6	9	2	7	
199	6	9	2	6	
200	6	9	2	6	
201	6	9	1	6	
202	6	9	1	6	
203	6	9	1	6	
204	6	9	1	6	
205	6	9	0	6	
206	6	9	0	5	
207	6	9	0	5	
208	6	9	0	5	
209	6	9	0	5	
210	6	9	0	5	
211	6	9	0	5	
212	6	9	0	5	
213	5	9	0	5	
214	5	9	0	5	
215	5	9	0	5	
216	5	9	0	5	
217	5	9	0	5	
218	5	9	0	5	
219	5	9	0	5	
220	5	9	0	5	
221	5	9	0	4	
222	5	9	0	4	
223	5	9	0	3	
224	5	9	0	3	
225	4	9	0	3	
226	4	9	0	3	
227	4	9	0	3	
228	4	9	0	3	
229	4	9	0	3	
230	4	9	0	3	
231	4	9	0	3	
232	4	9	0	3	
233	4	9	0	3	
234	4	9	0	3	
235	4	9	0	3	
236	3	9	0	3	
237	2	9	0	2	
238	2	9	0	2	
239	2	9	0	2	
240	2	9	0	2	
241	2	9	0	2	
242	2	9	0	2	
243	2	9	0	2	
244	1	9	0	2	
245	1	9	0	2	
246	1	8	0	2	
247	1	8	0	2	
248	1	8	0	2	
249	1	8	0	2	
250	1	8	0	2	
251	1	8	0	2	
252	1	8	0	2	
253	1	8	0	2	
254	1	8	0	2	
255	1	8	0	2	
256	1	8	0	1	
257	1	8	0	1	
258	1	8	0	1	
259	1	8	0	1	
260	1	8	0	1	
261	1	8	0	1	
262	1	8	0	1	
263	1	8	0	1	
264	1	8	0	1	
265	0	8	0	1	
266	0	8	0	1	
267	0	8	0	1	
268	0	7	0	1	
269	0	7	0	1	
270	0	7	0	1	
271	0	7	0	1	
272	0	6	0	1	
273	0	6	0	1	
274	0	6	0	1	
275	0	6	0	1	
276	0	6	0	1	
277	0	6	0	1	
278	0	6	0	1	
279	0	6	0	1	
280	0	6	0	1	
281	0	6	0	1	
282	0	5	0	1	
283	0	5	0	1	
284	0	5	0	1	
285	0	4	0	1	
286	0	4	0	1	
287	0	4	0	1	
288	0	4	0	1	
289	0	4	0	1	
290	0	4	0	1	
291	0	4	0	1	
292	0	4	0	1	
293	0	4	0	1	
294	0	4	0	1	
295	0	4	0	1	
296	0	4	0	1	
297	0	4	0	1	
298	0	4	0	1	
299	0	4	0	1	
300	0	4	0	1	
301	0	4	0	1	
302	0	3	0	1	
303	0	3	0	1	
304	0	3	0	1	
305	0	3	0	0	
306	0	3	0	0	
307	0	3	0	0	
308	0	3	0	0	
309	0	3	0	0	
310	0	3	0	0	
311	0	3	0	0	
312	0	3	0	0	
313	0	3	0	0	
314	0	3	0	0	
315	0	3	0	0	
316	0	3	0	0	
317	0	3	0	0	
318	0	3	0	0	
319	0	3	0	0	
320	0	3	0	0	
321	0	3	0	0	
322	0	3	0	0	
323	0	3	0	0	
324	0	3	0	0	
325	0	3	0	0	
326	0	3	0	0	
327	0	3	0	0	
328	0	3	0	0	
329	0	3	0	0	
330	0	3	0	0	
331	0	3	0	0	
332	0	3	0	0	
333	0	3	0	0	
334	0	3	0	0	
335	0	3	0	0	
336	0	3	0	0	
337	0	3	0	0	
338	0	3	0	0	
339	0	3	0	0	
340	0	3	0	0	
341	0	3	0	0	
342	0	3	0	0	
343	0	3	0	0	
344	0	3	0	0	
345	0	3	0	0	
346	0	3	0	0	
347	0	3	0	0	
348	0	3	0	0	
349	0	3	0	0	
350	0	3	0	0	
351	0	3	0	0	
352	0	3	0	0	
353	0	3	0	0	
354	0	3	0	0	
355	0	3	0	0	
356	0	3	0	0	
357	0	3	0	0	
358	0	3	0	0	
359	0	3	0	0	
360	0	3	0	0	
361	0	3	0	0	
362	0	3	0	0	
363	0	3	0	0	
364	0	3	0	0	
365	0	3	0	0	
366	0	3	0	0	
367	0	3	0	0	
368	0	3	0	0	
369	0	3	0	0	
370	0	3	0	0	
371	0	3	0	0	
372	0	3	0	0	
373	0	3	0	0	
374	0	3	0	0	
375	0	3	0	0	
376	0	3	0	0	
377	0	3	0	0	
378	0	3	0	0	
379	0	3	0	0	
380	0	3	0	0	
381	0	3	0	0	
382	0	3	0	0	
383	0	3	0	0	
384	0	3	0	0	
385	0	3	0	0	
386	0	3	0	0	
387	0	3	0	0	
388	0	3	0	0	
389	0	3	0	0	
390	0	3	0	0	
391	0	3	0	0	
392	0	3	0	0	
393	0	3	0	0	
394	0	3	0	0	
395	0	3	0	0	
396	0	3	0	0	
397	0	3	0	0	
398	0	3	0	0	
399	0	3	0	0	
400	0	3	0	0	
401	0	3	0	0	
402	0	3	0	0	
403	0	3	0	0	
404	0	3	0	0	
405	0	3	0	0	
406	0	3	0	0	
407	0	3	0	0	
408	0	3	0	0	
409	0	3	0	0	
410	0	3	0	0	
411	0	3	0	0	
412	0	3	0	0	
413	0	3	0	0	
414	0	3	0	0	
415	0	3	0	0	
416	0	3	0	0	
417	0	3	0	0	
418	0	3	0	0	
419	0	3	0	0	
420	0	3	0	0	
421	0	3	0	0	
422	0	3	0	0	
423	0	3	0	0	
424	0	3	0	0	
425	0	3	0	0	
426	0	3	0	0	
427	0	3	0	0	
428	0	3	0	0	
429	0	2	0	0	
430	0	2	0	0	
431	0	2	0	0	
432	0	2	0	0	
433	0	2	0	0	
434	0	2	0	0	
435	0	2	0	0	
436	0	2	0	0	
437	0	2	0	0	
438	0	2	0	0	
439	0	2	0	0	
440	0	2	0	0	
441	0	2	0	0	
442	0	2	0	0	
443	0	2	0	0	
444	0	2	0	0	
445	0	2	0	0	
446	0	2	0	0	
447	0	2	0	0	
448	0	2	0	0	
449	0	2	0	0	
450	0	2	0	0	
451	0	2	0	0	
452	0	2	0	0	
453	0	2	0	0	
454	0	2	0	0	
455	0	2	0	0	
456	0	2	0	0	
457	0	2	0	0	
458	0	2	0	0	
459	0	2	0	0	
460	0	2	0	0	
461	0	2	0	0	
462	0	2	0	0	
463	0	2	0	0	
464	0	2	0	0	
465	0	2	0	0	
466	0	2	0	0	
467	0	2	0	0	
468	0	2	0	0	
469	0	2	0	0	
470	0	2	0	0	
471	0	2	0	0	
472	0	2	0	0	
473	0	2	0	0	
474	0	2	0	0	
475	0	2	0	0	
476	0	2	0	0	
477	0	2	0	0	
478	0	2	0	0	
479	0	2	0	0	
480	0	2	0	0	
481	0	2	0	0	
482	0	2	0	0	
483	0	2	0	0	
484	0	2	0	0	
485	0	2	0	0	
486	0	2	0	0	
487	0	2	0	0	
488	0	2	0	0	
489	0	2	0	0	
490	0	2	0	0	
491	0	2	0	0	
492	0	2	0	0	
493	0	2	0	0	
494	0	1	0	0	
495	0	1	0	0	
496	0	1	0	0	
497	0	1	0	0	
498	0	1	0	0	
499	0	1	0	0	
500	0	1	0	0	
501	0	1	0	0	
502	0	1	0	0	
503	0	1	0	0	
504	0	1	0	0	
505	0	1	0	0	
506	0	1	0	0	
507	0	1	0	0	
508	0	1	0	0	
509	0	1	0	0	
510	0	1	0	0	
511	0	1	0	0	
512	0	1	0	0	
513	0	1	0	0	
514	0	1	0	0	
515	0	1	0	0	
516	0	1	0	0	
517	0	1	0	0	
518	0	1	0	0	
519	0	1	0	0	
520	0	1	0	0	
521	0	1	0	0	
522	0	1	0	0	
523	0	1	0	0	
524	0	1	0	0	
525	0	1	0	0	
526	0	1	0	0	
527	0	1	0	0	
528	0	1	0	0	
529	0	1	0	0	
530	0	1	0	0	
531	0	1	0	0	
532	0	1	0	0	
533	0	1	0	0	
534	0	1	0	0	
535	0	1	0	0	
536	0	1	0	0	
537	0	1	0	0	
538	0	1	0	0	
539	0	1	0	0	
540	0	1	0	0	
541	0	1	0	0	
542	0	1	0	0	
543	0	1	0	0	
544	0	1	0	0	
545	0	1	0	0	
546	0	1	0	0	
547	1	1	0	0	
548	1	1	0	0	
549	1	1	0	0	
550	1	1	0	0	
551	1	1	0	0	
552	1	1	0	0	
553	1	1	0	0	
554	1	1	0	0	
555	1	1	0	0	
556	1	1	0	0	
557	1	1	0	0	
558	1	1	0	0	
559	1	1	0	0	
560	1	1	0	0	
561	1	1	0	0	
562	1	1	0	0	
563	1	1	0	0	
564	1	1	0	0	
565	1	1	0	0	
566	1	1	0	0	
567	1	1	0	0	
568	2	1	0	0	
569	2	1	0	0	
570	2	1	0	0	
571	2	1	0	0	
572	2	1	0	0	
573	2	1	0	0	
574	2	1	0	0	
575	3	1	0	0	
576	4	1	0	0	
577	4	1	0	0	
578	4	1	0	0	
579	4	1	0	0	
580	4	1	0	0	
581	4	1	0	0	
582	4	1	0	0	
583	4	1	0	0	
584	4	1	0	0	
585	4	1	0	0	
586	5	1	0	0	
587	5	1	0	0	
588	6	1	0	0	
589	6	1	0	0	
590	6	1	0	0	
591	6	1	0	0	
592	6	1	0	0	
593	6	1	0	0	
594	6	1	0	0	
595	6	1	0	0	
596	6	1	0	0	
597	6	1	0	0	
598	6	1	0	0	
599	6	1	0	0	
600	6	1	0	0	
601	8	1	0	0	
602	8	1	0	0	
603	8	1	0	0	
604	8	1	0	0	
605	8	1	0	0	
606	8	1	0	0	
607	8	1	0	0	
608	8	1	0	0	
609	8	1	0	0	
610	8	1	0	0	
611	8	1	0	0	
612	8	1	0	0	
613	8	1	0	0	
614	8	1	0	0	
615	8	1	0	0	
616	9	1	0	0	
617	9	1	0	0	
618	9	1	0	0	
619	9	1	0	0	
620	9	1	0	0	
621	9	1	0	0	
622	10	1	0	0	
623	10	1	0	0	
624	11	1	0	0	
625	11	1	0	0	
626	11	1	0	0	
627	11	1	0	0	
628	11	1	0	0	
629	11	1	0	0	
630	11	1	0	0	
631	11	1	0	0	
632	11	1	0	0	
633	11	1	0	0	
634	11	1	0	0	
635	11	1	0	0	
636	11	1	0	0	
637	12	1	0	0	
638	12	1	0	0	
639	12	1	0	0	
640	12	1	0	0	
641	12	1	0	0	
642	12	1	0	0	
643	12	1	0	0	
644	12	1	0	0	
645	13	1	0	0	
646	13	1	0	0	
647	14	1	0	0	
648	14	1	0	0	
649	14	1	0	0	
650	14	1	0	0	
651	14	1	0	0	
652	14	1	0	0	
653	14	1	0	0	
654	14	1	0	0	
655	15	1	0	0	
656	15	1	0	0	
657	15	1	0	0	
658	15	1	0	0	
659	15	1	0	0	
660	16	1	0	0	
661	16	1	0	0	
662	17	1	0	0	
663	17	1	0	0	
664	17	1	0	0	
665	17	1	0	0	
666	17	1	0	0	
667	17	1	0	0	
668	17	1	0	0	
669	17	1	0	0	
670	17	1	0	0	
671	17	1	0	0	
672	17	1	0	0	
673	17	1	0	0	
674	17	1	0	0	
675	18	1	0	0	
676	18	1	0	0	
677	18	1	0	0	
678	19	1	0	0	
679	19	1	0	0	
680	19	1	0	0	
681	19	1	0	0	
682	19	1	0	0	
683	19	1	0	0	
684	19	1	0	0	
685	20	1	0	0	
686	20	1	0	0	
687	20	1	0	0	
688	20	1	0	0	
689	20	1	0	0	
690	20	1	0	0	
691	20	1	0	0	
692	20	1	0	0	
693	20	1	0	0	
694	20	1	0	0	
695	20	1	0	0	
696	21	1	0	0	
697	21	1	0	0	
698	22	1	0	0	
699	22	1	0	0	
700	22	1	0	0	
701	22	1	0	0	
702	22	1	0	0	
703	22	1	0	0	
704	22	1	0	0	
705	22	1	0	0	
706	22	1	0	0	
707	22	1	0	0	
708	22	1	0	0	
709	22	1	0	0	
710	22	1	0	0	
711	22	1	0	0	
712	22	1	0	0	
713	22	1	0	0	
714	22	1	0	0	
715	22	1	0	0	
716	22	1	0	0	
717	22	1	0	0	
718	22	1	0	0	
719	22	1	0	0	
720	22	1	0	0	
721	22	1	0	0	
722	22	1	0	0	
723	22	1	0	0	
724	23	1	0	0	
725	23	1	0	0	
726	23	1	0	0	
727	23	1	0	0	
728	23	1	0	0	
729	23	1	0	0	
730	23	1	0	0	
731	23	1	0	0	
732	23	1	0	0	
733	23	1	0	0	
734	23	1	0	0	
735	23	1	0	0	
736	23	1	0	0	
737	23	1	0	0	
738	23	1	0	0	
739	23	1	0	0	
740	23	1	0	0	
741	23	1	0	0	
742	23	1	0	0	
743	23	1	0	0	
744	23	1	0	0	
745	23	1	0	0	
746	23	1	0	0	
747	23	1	0	0	
748	23	1	0	0	
749	23	1	0	0	
750	23	1	0	0	
751	23	1	0	0	
752	23	1	0	0	
753	23	1	0	0	
754	23	1	0	0	
755	23	1	0	0	
756	23	1	0	0	
757	23	1	0	0	
758	23	1	0	0	
759	23	1	0	0	
760	23	1	0	0	
761	23	1	0	0	
762	23	1	0	0	
763	23	1	0	0	
764	23	1	0	0	
765	23	1	0	0	
766	23	1	0	0	
767	23	1	0	0	
768	23	1	0	0	
769	23	1	0	0	
770	23	1	0	0	
771	23	1	0	0	
772	23	1	0	0	
773	23	1	0	0	
774	23	1	0	0	
775	23	1	0	0	
776	23	1	0	0	
777	23	1	0	0	
778	23	1	0	0	
779	23	1	0	0	
780	23	1	0	0	
781	23	1	0	0	
782	23	1	0	0	
783	23	1	0	0	
784	23	1	0	0	
785	23	1	0	0	
786	23	1	0	0	
787	23	1	0	0	
788	23	1	0	0	
789	23	1	0	0	
790	23	1	0	0	
791	23	1	0	0	
792	23	1	0	0	
793	23	1	0	0	
794	23	1	0	0	
795	23	1	0	0	
796	23	1	0	0	
797	23	1	0	0	
798	23	1	0	0	
799	23	1	0	0	
800	23	1	0	0	
801	23	1	0	0	
802	23	1	0	0	
803	23	1	0	0	
804	23	1	0	0	
805	23	1	0	0	
806	23	1	0	0	
807	23	1	0	0	
808	23	1	0	0	
809	23	1	0	0	
810	23	1	0	0	
811	23	1	0	0	
812	23	1	0	0	
813	23	1	0	0	
814	23	1	0	0	
815	23	1	0	0	
816	23	1	0	0	
817	23	1	0	0	
818	23	1	0	0	
819	23	1	0	0	
820	23	1	0	0	
821	23	1	0	0	
822	23	1	0	0	
823	23	1	0	0	
824	23	1	0	0	
825	23	1	0	0	
826	23	1	0	0	
827	23	1	0	0	
828	23	1	0	0	
829	23	1	0	0	
830	23	1	0	0	
831	23	1	0	0	
832	23	1	0	0	
833	23	1	0	0	
834	23	1	0	0	
835	23	1	0	0	
836	23	1	0	0	
837	23	1	0	0	
838	23	1	0	0	
839	23	1	0	0	
840	23	1	0	0	
841	23	1	0	0	
842	23	1	0	0	
843	23	1	0	0	
844	23	1	0	0	
845	23	1	0	0	
846	23	1	0	0	
847	23	1	0	0	
848	23	1	0	0	
849	23	1	0	0	
850	23	1	0	0	
851	23	1	0	0	
852	23	1	0	0	
853	23	1	0	0	
854	23	1	0	0	
855	23	1	0	0	
856	23	1	0	0	
857	23	1	0	0	
858	23	1	0	0	
859	23	1	0	0	
860	23	1	0	0	
861	23	1	0	0	
862	23	1	0	0	
863	23	1	0	0	
864	23	1	0	0	
865	23	1	0	0	
866	23	1	0	0	
867	23	1	0	0	
868	23	1	0	0	
869	23	1	0	0	
870	23	1	0	0	
871	23	1	0	0	
872	23	1	0	0	
873	23	1	0	0	
874	23	1	0	0	
875	23	1	0	0	
876	23	1	0	0	
877	23	1	0	0	
878	23	1	0	0	
879	23	1	0	0	
880	23	1	0	0	
881	23	1	0	0	
882	23	1	0	0	
883	23	1	0	0	
884	23	1	0	0	
885	23	1	0	0	
886	23	1	0	0	
887	23	1	0	0	
888	23	1	0	0	
889	23	1	0	0	
890	23	1	0	0	
891	23	1	0	0	
892	23	1	0	0	
893	23	1	0	0	
894	23	1	0	0	
895	23	1	0	0	
896	23	1	0	0	
897	23	1	0	0	
898	23	1	0	0	
899	23	1	0	0	
900	23	1	0	0	
901	23	1	0	0	
902	23	1	0	0	
903	23	1	0	0	
904	23	1	0	0	
905	22	1	0	0	
906	22	1	0	0	
907	22	1	0	0	
908	22	1	0	0	
909	21	1	0	0	
910	21	1	0	0	
911	21	1	0	0	
912	21	1	0	0	
913	21	1	0	0	
914	21	1	0	0	
915	21	1	0	0	
916	21	1	0	0	
917	21	1	0	0	
918	21	1	0	0	
919	21	1	0	0	
920	21	1	0	0	
921	21	1	0	0	
922	21	1	0	0	
923	21	1	0	0	
924	21	1	0	0	
925	21	1	0	0	
926	21	1	0	0	
927	21	1	0	0	
928	21	1	0	0	
929	21	1	0	0	
930	21	1	0	0	
931	21	1	0	0	
932	21	1	0	0	
933	21	1	0	0	
934	21	1	0	0	
935	21	1	0	0	
936	21	1	0	0	
937	21	1	0	0	
938	21	1	0	0	
939	21	1	0	0	
940	21	1	0	0	
941	21	1	0	0	
942	21	1	0	0	
943	21	1	0	0	
944	21	1	0	0	
945	21	1	0	0	
946	21	1	0	0	
947	21	1	0	0	
948	21	1	0	0	
949	22	1	0	0	
950	22	1	0	0	
951	22	1	0	0	
952	22	1	0	0	
953	22	1	0	0	
954	22	1	0	0	
955	22	1	0	0	
956	22	1	0	0	
957	22	1	0	0	
958	22	1	0	0	
959	22	1	0	0	
960	22	1	0	0	
961	22	1	0	0	
962	22	1	0	0	
963	22	1	0	0	
964	22	1	0	0	
965	22	1	0	0	
966	22	1	0	0	
967	22	1	0	0	
968	22	1	0	0	
969	22	1	0	0	
970	22	1	0	0	
971	22	1	0	0	
972	22	1	0	0	
973	22	1	0	0	
974	22	1	0	0	
975	22	1	0	0	
976	22	1	0	0	
977	22	1	0	0	
978	22	1	0	0	
979	22	1	0	0	
980	22	1	0	0	
981	22	1	0	0	
982	22	1	0	0	
983	22	1	0	0	
984	22	1	0	0	
985	22	1	0	0	
986	22	1	0	0	
987	22	1	0	0	
988	22	1	0	0	
989	22	1	0	0	
990	22	1	0	0	
991	22	1	0	0	
992	22	1	0	0	
993	22	1	0	0	
994	22	1	0	0	
995	22	1	0	0	
996	22	1	0	0	
997	22	1	0	0	
998	22	1	0	0	
999	22	1	0	0	
1000	22	1	0	0	
1001	22	1	0	0	
1002	22	1	0	0	
1003	22	1	0	0	
1004	22	1	0	0	
1005	22	1	0	0	
1006	22	1	0	0	
1007	22	1	0	0	
1008	22	1	0	0	
1009	22	1	0	0	
1010	22	1	0	0	
1011	22	1	0	0	
1012	22	1	0	0	
1013	22	1	0	0	
1014	22	1	0	0	
1015	22	1	0	0	
1016	22	1	0	0	
1017	22	1	0	0	
1018	22	1	0	0	
1019	22	1	0	0	
1020	22	1	0	0	
1021	21	1	0	0	
1022	21	1	0	0	
1023	21	1	0	0	
1024	21	1	0	0	
1025	21	1	0	0	
1026	22	1	0	0	
1027	22	1	0	0	
1028	22	1	0	0	
1029	22	1	0	0	
1030	22	1	0	0	
1031	22	1	0	0	
1032	22	1	0	0	
1033	22	1	0	0	
1034	22	1	0	0	
1035	22	1	0	0	
1036	22	1	0	0	
1037	22	1	0	0	
1038	22	1	0	0	
1039	22	1	0	0	
1040	22	1	0	0	
1041	22	1	0	0	
1042	22	1	0	0	
1043	22	1	0	0	
1044	22	1	0	0	
1045	22	1	0	0	
1046	22	1	0	0	
1047	22	1	0	0	
1048	22	1	0	0	
1049	22	1	0	0	
1050	21	1	0	0	
1051	21	1	0	0	
1052	21	1	0	0	
1053	22	1	0	0	
1054	22	1	0	0	
1055	22	1	0	0	
1056	22	1	0	0	
1057	22	1	0	0	
1058	22	1	0	0	
1059	22	1	0	0	
1060	22	1	0	0	
1061	22	1	0	0	
1062	22	1	0	0	
1063	22	1	0	0	
1064	22	1	0	0	
1065	22	1	0	0	
1066	22	1	0	0	
1067	22	1	0	0	
1068	22	1	0	0	
1069	22	1	0	0	
1070	22	1	0	0	
1071	22	1	0	0	
1072	22	1	0	0	
1073	22	1	0	0	
1074	22	1	0	0	
1075	22	1	0	0	
1076	22	1	0	0	
1077	22	1	0	0	
1078	22	1	0	0	
1079	22	1	0	0	
1080	22	1	0	0	
1081	22	1	0	0	
1082	22	1	0	0	
1083	22	1	0	0	
1084	22	1	0	0	
1085	22	1	0	0	
1086	22	1	0	0	
1087	22	1	0	0	
1088	22	1	0	0	
1089	22	1	0	0	
1090	22	1	0	0	
1091	22	1	0	0	
1092	22	1	0	0	
1093	22	1	0	0	
1094	22	1	0	0	
1095	22	1	0	0	
1096	22	1	0	0	
1097	22	1	0	0	
1098	22	1	0	0	
1099	22	1	0	0	
1100	22	1	0	0	
1101	22	1	0	0	
1102	22	1	0	0	
1103	22	1	0	0	
1104	22	1	0	0	
1105	22	1	0	0	
1106	22	1	0	0	
1107	22	1	0	0	
1108	22	1	0	0	
1109	22	1	0	0	
1110	22	1	0	0	
1111	22	1	0	0	
1112	22	1	0	0	
1113	22	1	0	0	
1114	22	1	0	0	
1115	22	1	0	0	
1116	22	1	0	0	
1117	22	1	0	0	
1118	22	1	0	0	
1119	22	1	0	0	
1120	22	1	0	0	
1121	22	1	0	0	
1122	22	1	0	0	
1123	22	1	0	0	
1124	22	1	0	0	
1125	22	1	0	0	
1126	22	1	0	0	
1127	22	1	0	0	
1128	23	1	0	0	
1129	23	1	0	0	
1130	23	1	0	0	
1131	23	1	0	0	
1132	23	1	0	0	
1133	23	1	0	0	
1134	23	1	0	0	
1135	23	1	0	0	
1136	22	1	0	0	
1137	22	1	0	0	
1138	22	1	0	0	
1139	22	1	0	0	
1140	22	1	0	0	
1141	22	1	0	0	
1142	22	1	0	0	
1143	22	1	0	0	
1144	22	1	0	0	
1145	22	1	0	0	
1146	22	1	0	0	
1147	22	1	0	0	
1148	22	1	0	0	
1149	22	1	0	0	
1150	22	1	0	0	
1151	22	1	0	0	
1152	22	1	0	0	
1153	22	1	0	0	
1154	22	1	0	0	
1155	22	1	0	0	
1156	22	1	0	0	
1157	22	1	0	0	
1158	22	1	0	0	
1159	22	1	0	0	
1160	22	1	0	0	
1161	22	1	0	0	
1162	22	1	0	0	
1163	22	1	0	0	
1164	22	1	0	0	
1165	22	1	0	0	
1166	22	1	0	0	
1167	22	1	0	0	
1168	22	1	0	0	
1169	22	1	0	0	
1170	22	1	0	0	
1171	22	1	0	0	
1172	22	1	0	0	
1173	22	1	0	0	
1174	22	1	0	0	
1175	22	1	0	0	
1176	22	1	0	0	
1177	22	1	0	0	
1178	22	1	0	0	
1179	22	1	0	0	
1180	22	1	0	0	
1181	22	1	0	0	
1182	22	1	0	0	
1183	22	1	0	0	
1184	22	1	0	0	
1185	22	1	0	0	
1186	22	1	0	0	
1187	22	1	0	0	
1188	22	1	0	0	
1189	22	1	0	0	
1190	22	1	0	0	
1191	22	1	0	0	
1192	22	1	0	0	
1193	22	1	0	0	
1194	22	1	0	0	
1195	22	1	0	0	
1196	22	1	0	0	
1197	22	1	0	0	
1198	22	1	0	0	
1199	22	1	0	0	
1200	22	1	0	0	
1201	22	1	0	0	
1202	22	1	0	0	
1203	23	1	0	0	
1204	23	1	0	0	
1205	23	1	0	0	
1206	23	1	0	0	
1207	23	1	0	0	
1208	24	1	0	0	
1209	24	1	0	0	
1210	24	1	0	0	
1211	24	1	0	0	
1212	24	1	0	0	
1213	24	1	0	0	
1214	24	1	0	0	
1215	24	1	0	0	
1216	24	1	0	0	
1217	24	1	0	0	
1218	24	1	0	0	
1219	24	1	0	0	
1220	24	1	0	0	
1221	24	1	0	0	
1222	24	1	0	0	
1223	24	1	0	0	
1224	24	1	0	0	
1225	24	1	0	0	
1226	24	1	0	0	
1227	24	1	0	0	
1228	24	1	0	0	
1229	24	1	0	0	
1230	24	1	0	0	
1231	24	1	0	0	
1232	24	1	0	0	
1233	24	1	0	0	
1234	24	1	0	0	
1235	24	1	0	0	
1236	24	1	0	0	
1237	24	1	0	0	
1238	24	1	0	0	
1239	24	1	0	0	
1240	24	1	0	0	
1241	24	1	0	0	
1242	24	1	0	0	
1243	24	1	0	0	
1244	24	1	0	0	
1245	24	1	0	0	
1246	24	1	0	0	
1247	24	1	0	0	
1248	24	1	0	0	
1249	24	1	0	0	
1250	24	1	0	0	
1251	24	1	0	0	
1252	24	1	0	0	
1253	24	1	0	0	
1254	24	1	0	0	
1255	24	1	0	0	
1256	24	1	0	0	
1257	24	1	0	0	
1258	24	1	0	0	
1259	24	1	0	0	
1260	24	1	0	0	
1261	24	1	0	0	
1262	24	1	0	0	
1263	24	1	0	0	
1264	24	1	0	0	
1265	24	1	0	0	
1266	24	1	0	0	
1267	24	1	0	0	
1268	24	1	0	0	
1269	24	1	0	0	
1270	24	1	0	0	
1271	24	1	0	0	
1272	24	1	0	0	
1273	24	1	0	0	
1274	24	1	0	0	
1275	24	1	0	0	
1276	24	1	0	0	
1277	24	1	0	0	
1278	24	1	0	0	
1279	24	1	0	0	
1280	24	1	0	0	
1281	24	1	0	0	
1282	24	1	0	0	
1283	24	1	0	0	
1284	24	1	0	0	
1285	24	1	0	0	
1286	24	1	0	0	
1287	24	1	0	0	
1288	24	1	0	0	
1289	24	1	0	0	
1290	24	1	0	0	
1291	24	1	0	0	
1292	24	1	0	0	
1293	24	1	0	0	
1294	24	1	0	0	
1295	24	1	0	0	
1296	24	1	0	0	
1297	24	1	0	0	
1298	24	1	0	0	
1299	24	1	0	0	
1300	24	1	0	0	
1301	24	1	0	0	
1302	24	1	0	0	
1303	24	1	0	0	
1304	24	1	0	0	
1305	25	1	0	0	
1306	25	1	0	0	
1307	25	1	0	0	
1308	25	1	0	0	
1309	25	1	0	0	
1310	25	1	0	0	
1311	25	1	0	0	
1312	25	1	0	0	
1313	25	1	0	0	
1314	25	1	0	0	
1315	25	1	0	0	
1316	25	1	0	0	
1317	25	1	0	0	
1318	25	1	0	0	
1319	25	1	0	0	
1320	25	1	0	0	
1321	25	1	0	0	
1322	25	1	0	0	
1323	25	1	0	0	
1324	25	1	0	0	
1325	25	1	0	0	
1326	25	1	0	0	
1327	25	1	0	0	
1328	25	1	0	0	
1329	25	1	0	0	
1330	25	1	0	0	
1331	25	1	0	0	
1332	25	1	0	0	
1333	25	1	0	0	
1334	25	1	0	0	
1335	25	1	0	0	
1336	25	1	0	0	
1337	25	1	0	0	
1338	25	1	0	0	
1339	25	1	0	0	
1340	25	1	0	0	
1341	25	1	0	0	
1342	25	1	0	0	
1343	25	1	0	0	
1344	25	1	0	0	
1345	25	1	0	0	
1346	25	1	0	0	
1347	25	1	0	0	
1348	25	1	0	0	
1349	25	1	0	0	
1350	25	1	0	0	
1351	25	1	0	0	
1352	25	1	0	0	
1353	25	1	0	0	
1354	25	1	0	0	
1355	25	1	0	0	
1356	25	1	0	0	
1357	25	1	0	0	
1358	25	1	0	0	
1359	25	1	0	0	
1360	25	1	0	0	
1361	25	1	0	0	
1362	25	1	0	0	
1363	25	1	0	0	
1364	25	1	0	0	
1365	25	1	0	0	
1366	25	1	0	0	
1367	25	1	0	0	
1368	25	1	0	0	
1369	25	1	0	0	
1370	25	1	0	0	
1371	25	1	0	0	
1372	25	1	0	0	
1373	25	1	0	0	
1374	25	1	0	0	
1375	25	1	0	0	
1376	25	1	0	0	
1377	25	1	0	0	
1378	25	1	0	0	
1379	25	1	0	0	
1380	25	1	0	0	
1381	25	1	0	0	
1382	25	1	0	0	
1383	25	1	0	0	
1384	25	1	0	0	
1385	25	1	0	0	
1386	25	1	0	0	
1387	25	1	0	0	
1388	25	1	0	0	
1389	25	1	0	0	
1390	25	1	0	0	
1391	25	1	0	0	
1392	25	1	0	0	
1393	25	1	0	0	
1394	25	1	0	0	
1395	25	1	0	0	
1396	25	1	0	0	
1397	25	1	0	0	
1398	25	1	0	0	
1399	25	1	0	0	
1400	25	1	0	0	
1401	25	1	0	0	
1402	26	1	0	0	
1403	26	1	0	0	
1404	26	1	0	0	
1405	26	1	0	0	
1406	26	1	0	0	
1407	26	1	0	0	
1408	26	1	0	0	
1409	26	1	0	0	
1410	26	1	0	0	
1411	26	1	0	0	
1412	26	1	0	0	
1413	26	1	0	0	
1414	26	1	0	0	
1415	26	1	0	0	
1416	26	1	0	0	
1417	26	1	0	0	
1418	26	1	0	0	
1419	26	1	0	0	
1420	26	1	0	0	
1421	26	1	0	0	
1422	26	1	0	0	
1423	26	1	0	0	
1424	26	1	0	0	
1425	26	1	0	0	
1426	26	1	0	0	
1427	26	1	0	0	
1428	26	1	0	0	
1429	26	1	0	0	
1430	26	1	0	0	
1431	26	1	0	0	
1432	26	1	0	0	
1433	26	1	0	0	
1434	26	1	0	0	
1435	26	1	0	0	
1436	26	1	0	0	
1437	26	1	0	0	
1438	26	1	0	0	
1439	26	1	0	0	
1440	26	1	0	0	
1441	26	1	0	0	
1442	26	1	0	0	
1443	26	1	0	0	
1444	26	1	0	0	
1445	26	1	0	0	
1446	26	1	0	0	
1447	26	1	0	0	
1448	26	1	0	0	
1449	26	1	0	0	
1450	26	1	0	0	
1451	26	1	0	0	
1452	26	1	0	0	
1453	26	1	0	0	
1454	26	1	0	0	
1455	26	1	0	0	
1456	26	1	0	0	
1457	26	1	0	0	
1458	26	1	0	0	
1459	26	1	0	0	
1460	26	1	0	0	
1461	26	1	0	0	
1462	26	1	0	0	
1463	26	1	0	0	
1464	26	1	0	0	
1465	26	1	0	0	
1466	26	1	0	0	
1467	26	1	0	0	
1468	26	1	0	0	
1469	26	1	0	0	
1470	26	1	0	0	
1471	26	1	0	0	
1472	26	1	0	0	
1473	26	1	0	0	
1474	26	1	0	0	
1475	26	1	0	0	
1476	26	1	0	0	
1477	26	1	0	0	
1478	26	1	0	0	
1479	26	1	0	0	
1480	26	1	0	0	
1481	26	1	0	0	
1482	27	1	0	0	
1483	27	1	0	0	
1484	27	1	0	0	
1485	27	1	0	0	
1486	27	1	0	0	
1487	27	1	0	0	
1488	27	1	0	0	
1489	27	1	0	0	
1490	27	1	0	0	
1491	27	1	0	0	
1492	27	1	0	0	
1493	27	1	0	0	
1494	27	1	0	0	
1495	27	1	0	0	
1496	27	1	0	0	
1497	27	1	0	0	
1498	27	1	0	0	
1499	27	1	0	0	
1500	27	1	0	0	
1501	27	1	0	0	
1502	27	1	0	0	
1503	27	1	0	0	
1504	27	1	0	0	
1505	27	1	0	0	
1506	27	1	0	0	
1507	27	1	0	0	
1508	27	1	0	0	
1509	27	1	0	0	
1510	27	1	0	0	
1511	27	1	0	0	
1512	27	1	0	0	
1513	27	1	0	0	
1514	27	1	0	0	
1515	27	1	0	0	
1516	28	1	0	0	
1517	28	1	0	0	
1518	28	1	0	0	
1519	28	1	0	0	
1520	28	1	0	0	
1521	28	1	0	0	
1522	28	1	0	0	
1523	28	1	0	0	
1524	28	0	0	0	
1525	28	0	0	0	
1526	28	0	0	0	
1527	28	0	0	0	
1528	28	0	0	0	
1529	28	0	0	0	
1530	28	0	0	0	
1531	28	0	0	0	
1532	28	0	0	0	
1533	28	0	0	0	
1534	28	0	0	0	
1535	28	0	0	0	
1536	28	0	0	0	
1537	28	0	0	0	
1538	28	0	0	0	
1539	28	0	0	0	
1540	28	0	0	0	
1541	28	0	0	0	
1542	28	0	0	0	
1543	29	0	0	0	
1544	29	0	0	0	
1545	29	0	0	0	
1546	29	0	0	0	
1547	29	0	0	0	
1548	29	0	0	0	
1549	29	0	0	0	
1550	29	0	0	0	
1551	29	0	0	0	
1552	29	0	0	0	
1553	29	0	0	0	
1554	29	0	0	0	
1555	29	0	0	0	
1556	29	0	0	0	
1557	29	0	0	0	
1558	29	0	0	0	
1559	29	0	0	0	
1560	29	0	0	0	
1561	29	0	0	0	
1562	29	0	0	0	
1563	29	0	0	0	
1564	29	0	0	0	
1565	29	0	0	0	
1566	29	0	0	0	
1567	29	0	0	0	
1568	29	0	0	0	
1569	29	0	0	0	
1570	29	0	0	0	
1571	29	0	0	0	
1572	29	0	0	0	
1573	29	0	0	0	
1574	29	0	0	0	
1575	29	0	0	0	
1576	29	0	0	0	
1577	29	0	0	0	
1578	29	0	0	0	
1579	29	0	0	0	
1580	29	0	0	0	
1581	29	0	0	0	
1582	29	0	0	0	
1583	29	0	0	0	
1584	29	0	0	0	
1585	29	0	0	0	
1586	29	0	0	0	
1587	29	0	0	0	
1588	29	0	0	0	
1589	29	0	0	0	
1590	29	0	0	0	
1591	29	0	0	0	
1592	29	0	0	0	
1593	29	0	0	0	
1594	29	0	0	0	
1595	29	0	0	0	
1596	29	0	0	0	
1597	29	0	0	0	
1598	29	0	0	0	
1599	29	0	0	0	
1600	29	0	0	0	
1601	29	0	0	0	
1602	29	0	0	0	
1603	29	0	0	0	
1604	29	0	0	0	
1605	29	0	0	0	
1606	29	0	0	0	
1607	29	0	0	0	
1608	29	0	0	0	
1609	29	0	0	0	
1610	29	0	0	0	
1611	29	0	0	0	
1612	29	0	0	0	
1613	29	0	0	0	
1614	29	0	0	0	
1615	29	0	0	0	
1616	29	0	0	0	
1617	29	0	0	0	
1618	29	0	0	0	
1619	29	0	0	0	
1620	29	0	0	0	
1621	29	0	0	0	
1622	29	0	0	0	
1623	29	0	0	0	
1624	29	0	0	0	
1625	29	0	0	0	
1626	29	0	0	0	
1627	29	0	0	0	
1628	29	0	0	0	
1629	29	0	0	0	
1630	29	0	0	0	
1631	29	0	0	0	
1632	29	0	0	0	
1633	29	0	0	0	
1634	29	0	0	0	
1635	29	0	0	0	
1636	29	0	0	0	
1637	29	0	0	0	
1638	29	0	0	0	
1639	29	0	0	0	
1640	29	0	0	0	
1641	29	0	0	0	
1642	29	0	0	0	
1643	29	0	0	0	
1644	29	0	0	0	
1645	29	0	0	0	
1646	29	0	0	0	
1647	29	0	0	0	
1648	29	0	0	0	
1649	29	0	0	0	
1650	29	0	0	0	
1651	29	0	0	0	
1652	29	0	0	0	
1653	29	0	0	0	
1654	29	0	0	0	
1655	29	0	0	0	
1656	29	0	0	0	
1657	29	0	0	0	
1658	29	0	0	0	
1659	29	0	0	0	
1660	29	0	0	0	
1661	29	0	0	0	
1662	29	0	0	0	
1663	29	0	0	0	
1664	29	0	0	0	
1665	29	0	0	0	
1666	29	0	0	0	
1667	29	0	0	0	
1668	29	0	0	0	
1669	29	0	0	0	
1670	29	0	0	0	
1671	29	0	0	0	
1672	29	0	0	0	
1673	29	0	0	0	
1674	29	0	0	0	
1675	29	0	0	0	
1676	29	0	0	0	
1677	29	0	0	0	
1678	29	0	0	0	
1679	29	0	0	0	
1680	29	0	0	0	
1681	29	0	0	0	
1682	29	0	0	0	
1683	29	0	0	0	
1684	29	0	0	0	
1685	29	0	0	0	
1686	29	0	0	0	
1687	29	0	0	0	
1688	29	0	0	0	
1689	29	0	0	0	
1690	29	0	0	0	
1691	29	0	0	0	
1692	29	0	0	0	
1693	29	0	0	0	
1694	29	0	0	0	
1695	29	0	0	0	
1696	29	0	0	0	
1697	29	0	0	0	
1698	29	0	0	0	
1699	29	0	0	0	
1700	29	0	0	0	
1701	29	0	0	0	
1702	29	0	0	0	
1703	29	0	0	0	
1704	29	0	0	0	
1705	29	0	0	0	
1706	29	0	0	0	
1707	29	0	0	0	
1708	29	0	0	0	
1709	29	0	0	0	
1710	29	0	0	0	
1711	29	0	0	0	
1712	29	0	0	0	
1713	29	0	0	0	
1714	29	0	0	0	
1715	29	0	0	0	
1716	29	0	0	0	
1717	29	0	0	0	
1718	29	0	0	0	
1719	29	0	0	0	
1720	29	0	0	0	
1721	29	0	0	0	
1722	29	0	0	0	
1723	30	0	0	0	
1724	30	0	0	0	
1725	30	0	0	0	
1726	30	0	0	0	
1727	30	0	0	0	
1728	30	0	0	0	
1729	30	0	0	0	
1730	30	0	0	0	
1731	30	0	0	0	
1732	30	0	0	0	
1733	30	0	0	0	
1734	30	0	0	0	
1735	30	0	0	0	
1736	30	0	0	0	
1737	30	0	0	0	
1738	30	0	0	0	
1739	30	0	0	0	
1740	30	0	0	0	
1741	30	0	0	0	
1742	30	0	0	0	
1743	30	0	0	0	
1744	30	0	0	0	
1745	30	0	0	0	
1746	30	0	0	0	
1747	30	0	0	0	
1748	30	0	0	0	
1749	30	0	0	0	
1750	30	0	0	0	
1751	30	0	0	0	
1752	30	0	0	0	
1753	30	0	0	0	
1754	30	0	0	0	
1755	30	0	0	0	
1756	30	0	0	0	
1757	30	0	0	0	
1758	30	0	0	0	
1759	30	0	0	0	
1760	30	0	0	0	
